name: biobase
channels:
  - conda-forge
  - bioconda
  - defaults
dependencies:
  - bcftools=1.9=h4da6232_0
  - bedtools=2.27.1=he941832_2
  - blas=1.0=mkl
  - blast=2.7.1=h4422958_6
  - boost=1.67.0=py36h3e44d54_0
  - boost-cpp=1.67.0=h3a22d5f_0
  - bowtie2=2.3.4.3=py36h2d50403_0
  - bzip2=1.0.6=h470a237_2
  - ca-certificates=2018.8.24=ha4d7672_0
  - certifi=2018.8.24=py36_1001
  - curl=7.61.0=h93b3f91_2
  - exonerate=2.4.0=hb9387b2_1
  - gettext=0.19.8.1=h5e8e0c9_1
  - glib=2.55.0=h464dc38_2
  - gmp=6.1.2=hfc679d8_0
  - gnutls=3.5.19=h2a4e5f8_1
  - htslib=1.9=hc238db4_4
  - icu=58.2=hfc679d8_0
  - intel-openmp=2019.0=118
  - krb5=1.14.6=0
  - libdeflate=1.0=h470a237_0
  - libffi=3.2.1=hfc679d8_5
  - libgcc-ng=7.2.0=hdf63c60_3
  - libgfortran-ng=7.2.0=hdf63c60_3
  - libiconv=1.15=h470a237_3
  - libpng=1.6.35=ha92aebf_2
  - libssh2=1.8.0=h5b517e9_2
  - libstdcxx-ng=7.2.0=hdf63c60_3
  - libuuid=2.32.1=h470a237_2
  - mkl=2019.0=118
  - mkl_fft=1.0.6=py36_0
  - mkl_random=1.0.1=py36_0
  - mysql-connector-c=6.1.6=0
  - ncurses=6.1=hfc679d8_1
  - nettle=3.3=0
  - numpy=1.15.0=py36h1b885b7_0
  - numpy-base=1.15.0=py36h3dfced4_0
  - openssl=1.0.2p=h470a237_0
  - pcre=8.41=hfc679d8_3
  - perl=5.26.2=h470a237_0
  - perl-archive-tar=2.18=pl526_3
  - perl-carp=1.38=pl526_1
  - perl-compress-raw-bzip2=2.074=pl526hfc679d8_0
  - perl-compress-raw-zlib=2.081=pl526h2d50403_0
  - perl-data-dumper=2.161=pl526_2
  - perl-encode=2.88=pl526_1
  - perl-exporter=5.72=pl526_1
  - perl-exporter-tiny=1.000000=pl526_0
  - perl-extutils-makemaker=7.34=pl526_2
  - perl-io-compress=2.069=pl526hfc679d8_5
  - perl-io-zlib=1.10=pl526_2
  - perl-list-moreutils=0.428=pl526_1
  - perl-list-moreutils-xs=0.428=pl526_0
  - perl-parent=0.236=pl526_1
  - perl-pathtools=3.73=h470a237_2
  - perl-scalar-list-utils=1.45=pl526h470a237_3
  - perl-test-more=1.001002=pl526_1
  - perl-xsloader=0.24=pl526_0
  - pip=18.0=py36_1
  - python=3.6.6=h5001a0f_0
  - readline=7.0=haf1bffa_1
  - samtools=1.9=h8ee4bcc_1
  - seqtk=1.3=ha92aebf_0
  - setuptools=40.4.0=py36_1000
  - sqlite=3.25.2=hb1c47c0_0
  - tk=8.6.8=ha92aebf_0
  - ucsc-blat=366=hdd26221_0
  - vcftools=0.1.16=he941832_2
  - wheel=0.31.1=py36_1001
  - xz=5.2.4=h470a237_1
  - zlib=1.2.11=h470a237_3
